152,4
152,3
152,2
152,1
152,0
4294967294,438
4294967294,184
151,4
151,3
151,2
151,1
151,0
150,4
150,3
150,2
150,1
150,0
149,4
149,3
149,2
149,1
149,0
148,4
148,3
148,2
148,1
148,0
147,4
147,3
147,2
147,1
147,0
146,4
146,3
146,2
146,1
146,0
145,4
145,3
145,2
145,1
145,0
144,4
144,3
144,2
144,1
144,0
143,4
143,3
143,2
143,1
143,0
142,4
142,3
142,2
142,1
142,0
141,4
141,3
141,2
141,1
141,0
140,4
140,3
140,2
140,1
140,0
4294967278,391
139,4
139,3
139,2
139,1
139,0
4294967278,390
138,4
138,3
138,2
138,1
138,0
137,4
137,3
137,2
137,1
137,0
136,4
136,3
136,2
136,1
136,0
135,4
135,3
135,2
135,1
135,0
134,4
134,3
134,2
134,1
134,0
133,4
133,3
133,2
133,1
133,0
132,4
132,3
132,2
132,1
132,0
131,4
131,3
131,2
131,1
131,0
130,4
130,3
130,2
130,1
130,0
129,4
129,3
129,2
129,1
129,0
128,4
128,3
128,2
128,1
128,0
127,4
127,3
127,2
127,1
127,0
126,4
126,3
126,2
126,1
126,0
125,4
125,3
125,2
125,1
125,0
124,4
124,3
124,2
124,1
124,0
123,4
123,3
123,2
123,1
123,0
122,4
122,3
122,2
122,1
122,0
121,4
121,3
121,2
121,1
121,0
120,4
120,3
120,2
120,1
120,0
119,4
119,3
119,2
119,1
119,0
118,4
118,3
118,2
118,1
118,0
117,4
117,3
117,2
117,1
117,0
116,4
116,3
116,2
116,1
116,0
115,4
115,3
115,2
115,1
115,0
114,4
114,3
114,2
114,1
114,0
113,4
113,3
113,2
113,1
113,0
112,4
112,3
112,2
112,1
112,0
111,4
111,3
111,2
111,1
111,0
110,4
110,3
110,2
110,1
110,0
4294967279,327
4294967278,389
109,4
109,3
109,2
109,1
109,0
108,4
108,3
108,2
108,1
108,0
107,4
107,3
107,2
107,1
107,0
4294967279,326
106,4
106,3
106,2
106,1
106,0
4294967279,325
105,4
105,3
105,2
105,1
105,0
4294967279,324
4294967278,388
4294967279,323
104,4
104,3
104,2
104,1
104,0
103,4
103,3
103,2
103,1
103,0
4294967279,322
4294967279,321
102,4
102,3
102,2
102,1
102,0
4294967279,320
101,4
101,3
101,2
101,1
101,0
100,4
100,3
100,2
100,1
100,0
4294967279,575
99,4
99,3
99,2
99,1
99,0
98,4
98,3
98,2
98,1
98,0
97,4
97,3
97,2
97,1
97,0
96,4
96,3
96,2
96,1
96,0
4294967278,387
95,4
95,3
95,2
95,1
95,0
94,4
94,3
94,2
94,1
94,0
93,4
93,3
93,2
93,1
93,0
92,4
92,3
92,2
92,1
92,0
91,4
91,3
91,2
91,1
91,0
4294967278,386
90,4
90,3
90,2
90,1
90,0
89,4
89,3
89,2
89,1
89,0
88,4
88,3
88,2
88,1
88,0
4294967278,385
87,4
87,3
87,2
87,1
87,0
86,4
86,3
86,2
86,1
86,0
85,4
85,3
85,2
85,1
85,0
84,4
84,3
84,2
84,1
84,0
4294967279,574
83,4
83,3
83,2
83,1
83,0
82,4
82,3
82,2
82,1
82,0
81,4
81,3
81,2
81,1
81,0
80,4
80,3
80,2
80,1
80,0
79,4
4294967279,573
79,3
79,2
79,1
79,0
4294967278,384
78,4
78,3
78,2
78,1
78,0
77,4
77,3
77,2
77,1
77,0
4294967294,468
76,4
76,3
76,2
76,1
76,0
75,4
75,3
75,2
75,1
75,0
74,4
74,3
74,2
74,1
74,0
73,4
73,3
73,2
73,1
73,0
4294967279,572
72,4
72,3
72,2
72,1
72,0
71,4
71,3
71,2
71,1
71,0
70,4
70,3
70,2
70,1
70,0
69,4
69,3
69,2
69,1
69,0
68,4
68,3
68,2
68,1
68,0
4294967279,571
4294967278,383
67,4
67,3
67,2
67,1
67,0
66,4
66,3
66,2
66,1
66,0
4294967279,570
65,4
65,3
65,2
65,1
65,0
64,4
64,3
64,2
64,1
64,0
63,4
63,3
63,2
63,1
63,0
4294967279,569
62,4
62,3
62,2
62,1
62,0
4294967279,568
4294967279,567
61,4
61,3
61,2
61,1
61,0
4294967278,382
4294967279,566
60,4
60,3
60,2
60,1
60,0
4294967279,565
4294967278,381
